.Random.seed <-
c(403L, 10L, 1957885009L, 688707584L, -1095276322L, -1571159255L, 
1655873243L, 517041642L, -1523886708L, 1211206351L, 1858573957L, 
423556412L, -1136740334L, 1456224013L, -1974242233L, -1052723666L, 
1090772872L, -1939613045L, -1293087639L, 643321912L, -1244587802L, 
967729281L, -574490605L, 1987153858L, -2130323340L, 1293979255L, 
-1432318099L, 472715268L, 1715022634L, -593022827L, -1243623633L, 
956454454L, 718951008L, -1202663261L, -485137471L, 730132400L, 
72137422L, 2029496377L, -126554549L, 1181299706L, 1994030844L, 
798184255L, 1710857237L, 1698027308L, 1892793346L, 759643869L, 
-1292898857L, 25307326L, 1938275064L, -2067259173L, 1746912057L, 
375203464L, -1898630602L, 1238329969L, -908971869L, 982129138L, 
513349956L, 1658245639L, -506920995L, 1755670740L, 1531975674L, 
1803784005L, -1438295137L, -982437594L, 1491247536L, 1891400275L, 
-1617230479L, -1151458144L, 1525359678L, -1919603895L, -1686840837L, 
-969671222L, -1566493908L, 469662511L, 715145701L, 1272261788L, 
2104076530L, 319644013L, -89436505L, 1481695438L, -380522968L, 
1620014635L, -1045930935L, 521157976L, 1744323590L, 429155809L, 
1499180915L, 2094443490L, 1990460244L, -1917448617L, 651482701L, 
1481730532L, -962133046L, -1089378763L, 24775823L, -180705898L, 
-1199408832L, 761820163L, -230341087L, -1246441200L, -147169554L, 
-1366113639L, -392627413L, 734234138L, 1685941468L, -546856737L, 
-692547915L, -1762998196L, 1964594338L, -273988611L, 216039671L, 
-861387234L, 1815230680L, 1733094459L, -1004571175L, -1517579416L, 
-810606954L, 31594513L, -1555760701L, -1338784302L, -66737052L, 
1169013671L, 1031836925L, 1562947828L, -1950554150L, -914826459L, 
644229695L, 1455043014L, 2016847440L, 1856027251L, 264961681L, 
877291200L, 967250078L, -325944215L, -1429321573L, -2138682966L, 
-777965108L, -1315185521L, 2124518597L, 1006138492L, -104535854L, 
-1593014195L, 1654554887L, 1682756846L, 435830216L, -1932410165L, 
1086327593L, -106894472L, -725036890L, 1062750913L, 1917623123L, 
284354562L, 2004403508L, -793243977L, -1513368915L, 652190660L, 
-1705464854L, -408824747L, 880650735L, 2121839094L, 268068640L, 
-1322075933L, -779432575L, 133983216L, -2033282418L, -1720138247L, 
1780602763L, -1532042310L, -1737098564L, 1671401983L, 743505749L, 
-597272468L, -846074686L, 1675609885L, 729644439L, 1329798398L, 
611747512L, -322398053L, 1583879929L, -1094404024L, -1790694538L, 
-326685007L, -1861910813L, -73323086L, -738716156L, 754101575L, 
967829533L, -141955436L, 1549116986L, 704292997L, 343711071L, 
-990562842L, -1288147856L, -434507885L, 624789553L, -1402288416L, 
-2058735746L, 2016536073L, 1353535035L, -734629878L, -1392455700L, 
-1371134865L, -1168557147L, 937941852L, -472578254L, -2002168275L, 
1403346151L, 1200303630L, 1216926696L, -1515434517L, 155555465L, 
1653270040L, 924921158L, -2116678751L, -1846090189L, -49726558L, 
-226038124L, -1253135081L, -1898022131L, -1228273116L, -1869712886L, 
1504570229L, -680284465L, 933536214L, -1923019392L, -542702141L, 
-627186847L, -1398007344L, -2094157522L, 949260450L, -489274040L, 
-763241716L, 429071068L, 828670290L, -1505499008L, -674763692L, 
-673057816L, 1762938106L, -519360688L, -1686915284L, -25305740L, 
-537002094L, 503106656L, 1268958604L, 506684256L, -439974430L, 
-231418968L, -1225344820L, -1969114116L, -161648206L, -2021564944L, 
-1881202748L, -1657935528L, -1221251718L, -385787984L, 1471102396L, 
1866740820L, -19101758L, -448231392L, 776347836L, 882984528L, 
-961202206L, -348096408L, 1764923468L, -1715788548L, -104917006L, 
-1696604928L, 1417983348L, -1755512824L, 1816548282L, -404138544L, 
826986476L, -1778162284L, -1177935406L, -64013984L, 290929484L, 
612536608L, 487688066L, -168812824L, -1444247316L, -1248303044L, 
-174596238L, -478343568L, 823090212L, -1176170696L, -1648157542L, 
-1560591664L, 641904828L, -213926252L, -1553805694L, 1880645824L, 
1021863740L, -956903280L, -1832526302L, 1128090632L, 1329253644L, 
532470940L, -1170263534L, 798290816L, -2057337324L, -1449902552L, 
271785274L, -766890544L, 578328684L, -1159977676L, -1630442862L, 
-1937572000L, -1960218804L, -999344160L, -1720464478L, -1604183128L, 
2013424012L, -1112757060L, 908378482L, -897828624L, 852596804L, 
1923237208L, 1595632186L, -717541520L, -693400516L, 1800213268L, 
1100281282L, 2002886368L, -752514180L, -614022448L, -831996766L, 
1840324648L, -1293657844L, 915323836L, -579269326L, -1488887360L, 
2034571828L, 2101866440L, -501084998L, 1971425680L, 1220743660L, 
1413449300L, 1381438610L, 709821216L, 1958207948L, -1240693280L, 
-364841278L, 62683176L, -1230117204L, -555806532L, -2003698190L, 
1203809584L, -35560284L, -1216116040L, 967686490L, -721024624L, 
-132958340L, 846784788L, 1409507138L, -1207832832L, 1567183804L, 
-186064048L, 1595100962L, -1823558328L, 233401868L, 1749026908L, 
-472624942L, 753196544L, -1059511980L, 1309044200L, 109095930L, 
-2132534064L, -1947838164L, 1658083060L, 510958994L, -87748512L, 
1343878412L, 1350879968L, 1202064738L, 31949480L, -2133931444L, 
-713321092L, 1872636210L, -1898800016L, 624364356L, 207831512L, 
-876878726L, -1498626512L, -1653554500L, 1285739348L, 401252418L, 
-1838315104L, 1592047292L, 2144652752L, -2119905950L, -718149656L, 
-1425940532L, 56574716L, 1084327410L, 583892096L, -765691660L, 
-71968120L, 1193503546L, 1005098832L, -1417176468L, -530143084L, 
593543506L, -1453291808L, 1426593484L, 1440987296L, 1171470210L, 
818153192L, -34881812L, 1631715388L, -1459550606L, 1827501168L, 
-975521244L, -581212104L, 1212887066L, 96536272L, 1677196348L, 
-1117225836L, 888350850L, 1221615552L, -1746343620L, 1746585232L, 
30105634L, 1056028680L, -1874436980L, -772312036L, 1057876626L, 
1033351296L, -1346894828L, 721451304L, -528172486L, -360991536L, 
-97217428L, 282930868L, 486221842L, -787839008L, 1221256140L, 
1026727392L, 1081033250L, -482235096L, 1938441484L, 17235516L, 
-486493966L, 1282264816L, -783315132L, 676134488L, -485922246L, 
1569533680L, -121122628L, -497692140L, -332868414L, -1993575328L, 
-2130698884L, 1849479376L, -1164082142L, 963690152L, -1583594612L, 
-1511021113L, -1764668527L, 1607041814L, 889386868L, -268900859L, 
-555159985L, 1507109448L, -195953690L, -1133390573L, -2035062155L, 
1833711698L, -479757664L, 373778313L, 243127227L, -562703348L, 
1435955610L, 1942573327L, -1090478247L, 675598830L, -1928438660L, 
1775864045L, -1609318505L, 508700768L, -1083725250L, 276282123L, 
-1526267507L, -954815814L, 116932856L, 1431707297L, -1654720941L, 
-72578700L, 1372229378L, 1718019991L, -226498207L, -1284001370L, 
-157563996L, 818355797L, -2013790465L, -881081448L, -1192176458L, 
-1544429245L, -874612603L, -896278238L, -1292856816L, 313555385L, 
-1734002069L, -806783652L, 331908234L, -619721601L, -1095088695L, 
1554947678L, -237355764L, 809421021L, -1457961497L, -1648763376L, 
-1657457874L, 1294505947L, -1838741315L, -1743379926L, -403632440L, 
1656331249L, 2048740707L, -1829173916L, -2028787566L, 554491239L, 
1173055281L, -1831207818L, 2020435348L, 560533925L, 1765026479L, 
257129320L, -376256698L, -1869218061L, -1347616683L, -947643342L, 
-1872348672L, 1309506281L, -2137816741L, 1502071724L, -1825847366L, 
314077551L, -1750689031L, -2059963506L, -331334052L, -1612018483L, 
-1377078217L, -1005797696L, 262523294L, -1947987349L, -669877779L, 
1975412826L, 818861848L, -451355519L, 804907571L, 788166740L, 
-374686622L, 1501721335L, 1206385985L, 1171934150L, 1553914116L, 
1655429301L, -31438945L, -2008012808L, 1369479638L, 1465753699L, 
1985336357L, -1880054846L, 593926320L, -1131612967L, 363631179L, 
-457723716L, -414275862L, 596629279L, 546490281L, 604811582L, 
-2117748692L, 987825789L, 834095303L, 1045325232L, -106971186L, 
-798571269L, -557878435L, 680212618L, 868173480L, -1919178223L, 
-1264731389L, -652767740L, -1138508238L, -1109246329L, -469560623L, 
-1230298026L, 386460724L, 1069338437L, 861001103L, 953029896L, 
712845094L, -606255149L, -1410438859L, 665641106L, 728277088L, 
-602483255L, -519492357L, -1758846260L, 1885955930L, -1018285489L, 
